D 77777 0000 3000
D 77777 0000 3000
O 77777 0000 3000
W 77777 0000 123
D 77777 0000 234
W 77777 0000 123
D 77777 0000 234
W 77777 0000 123
D 77777 0000 234
W 77777 0000 123
D 77777 0000 234
W 77777 0000 123
D 77777 0000 234
W 77777 0000 123
D 77777 0000 234
W 77777 0000 123
D 77777 0000 234
W 77777 0000 123
D 77777 0000 234
W 77777 0000 123
D 77777 0000 234
W 77777 0000 123
D 77777 0000 234
W 77777 0000 123
D 77777 0000 234
W 77777 0000 123
D 77777 0000 234
W 77777 0000 123
D 77777 0000 234
W 77777 0000 123
D 77777 0000 234
W 77777 0000 123
D 77777 0000 234
W 77777 0000 123
D 77777 0000 234
W 77777 0000 123
D 77777 0000 234
W 77777 0000 123
D 77777 0000 234
W 77777 0000 123
D 77777 0000 234

