W 77777 0000 444
D 77777 0000 111
W 77777 0000 444
D 77777 0000 111
W 77777 0000 444
D 77777 0000 111
W 77777 0000 444
D 77777 0000 111
W 77777 0000 444
D 77777 0000 111
W 77777 0000 444
D 77777 0000 111
W 77777 0000 444
D 77777 0000 111
W 77777 0000 444
D 77777 0000 111
W 77777 0000 444
D 77777 0000 111
W 77777 0000 444
D 77777 0000 111
W 77777 0000 444
D 77777 0000 111
W 77777 0000 444
D 77777 0000 111
W 77777 0000 444
D 77777 0000 111
W 77777 0000 444
D 77777 0000 111
W 77777 0000 444
D 77777 0000 111
W 77777 0000 444
D 77777 0000 111
W 77777 0000 444
D 77777 0000 111
W 77777 0000 444
D 77777 0000 111
W 77777 0000 444
D 77777 0000 111
W 77777 0000 444
D 77777 0000 111
W 77777 0000 444
D 77777 0000 111
W 77777 0000 444
D 77777 0000 111
W 77777 0000 444
D 77777 0000 111
W 77777 0000 444
D 77777 0000 111
W 77777 0000 444
D 77777 0000 111
W 77777 0000 444
D 77777 0000 111
W 77777 0000 444
D 77777 0000 111
W 77777 0000 444
D 77777 0000 111
W 77777 0000 444
D 77777 0000 111
W 77777 0000 444
D 77777 0000 111
W 77777 0000 444
D 77777 0000 111
W 77777 0000 444
D 77777 0000 111
W 77777 0000 444
D 77777 0000 111
W 77777 0000 444
D 77777 0000 111
W 77777 0000 444
D 77777 0000 111
W 77777 0000 444
D 77777 0000 111
W 77777 0000 444
D 77777 0000 111
W 77777 0000 444
D 77777 0000 111
W 77777 0000 444
D 77777 0000 111
W 77777 0000 444
D 77777 0000 111
W 77777 0000 444
D 77777 0000 111
W 77777 0000 444
D 77777 0000 111
W 77777 0000 444
D 77777 0000 111
W 77777 0000 444
D 77777 0000 111
W 77777 0000 444
D 77777 0000 111
W 77777 0000 444
D 77777 0000 111
W 77777 0000 444
D 77777 0000 111
W 77777 0000 444
D 77777 0000 111
W 77777 0000 444
D 77777 0000 111
W 77777 0000 444
D 77777 0000 111
W 77777 0000 444
D 77777 0000 111
W 77777 0000 444
D 77777 0000 111
W 77777 0000 444
D 77777 0000 111
W 77777 0000 444
D 77777 0000 111
W 77777 0000 444
D 77777 0000 111
W 77777 0000 444
D 77777 0000 111
W 77777 0000 444
D 77777 0000 111
W 77777 0000 444
D 77777 0000 111
W 77777 0000 444
D 77777 0000 111
W 77777 0000 444
D 77777 0000 111
W 77777 0000 444
D 77777 0000 111
W 77777 0000 444
D 77777 0000 111
W 77777 0000 444
D 77777 0000 111
W 77777 0000 444
D 77777 0000 111
