B 77777 0000
B 77777 0000
B 77777 0000
B 77777 0000
B 77777 0000
B 77777 0000
B 77777 0000
B 77777 0000
B 77777 0000
B 77777 0000
B 77777 0000
B 77777 0000
B 77777 0000
B 77777 0000
B 77777 0000
B 77777 0000
B 77777 0000
B 77777 0000
B 77777 0000
B 77777 0000
B 77777 0000
B 77777 0000
B 77777 0000
B 77777 0000
B 77777 0000
B 77777 0000
B 77777 0000
B 77777 0000
B 77777 0000
B 77777 0000
B 77777 0000
B 77777 0000
B 77777 0000
B 77777 0000
B 77777 0000
B 77777 0000
B 77777 0000
B 77777 0000
B 77777 0000
B 77777 0000
B 77777 0000
B 77777 0000
B 77777 0000
B 77777 0000
B 77777 0000
B 77777 0000
B 77777 0000
B 77777 0000
B 77777 0000
B 77777 0000
B 77777 0000
B 77777 0000
B 77777 0000
B 77777 0000
B 77777 0000
B 77777 0000
B 77777 0000
B 77777 0000
B 77777 0000
B 77777 0000
B 77777 0000
B 77777 0000
T 12347 0144 12347 2
T 12347 0144 12347 2
T 12347 0144 12347 2
T 12347 0144 12347 2
T 12347 0144 12347 2
T 12347 0144 12347 2
T 12347 0144 12347 2
T 12347 0144 12347 2
T 12347 0144 12347 2
T 12347 0144 12347 2
T 12347 0144 12347 2
T 12347 0144 12347 2
T 12347 0144 12347 2
T 12347 0144 12347 2
T 12347 0144 12347 2
T 12347 0144 12347 2
T 12347 0144 12347 2
T 12347 0144 12347 2
T 12347 0144 12347 2
T 12347 0144 12347 2
T 12347 0144 12347 2
T 12347 0144 12347 2
T 12347 0144 12347 2
T 12347 0144 12347 2
T 12347 0144 12347 2
T 12347 0144 12347 2
T 12347 0144 12347 2
T 12347 0144 12347 2
B 77777 0000
B 77777 0000
B 77777 0000
B 77777 0000
B 77777 0000
B 77777 0000
B 77777 0000
B 77777 0000
B 77777 0000
B 77777 0000
B 77777 0000
B 77777 0000
B 77777 0000
B 77777 0000
B 77777 0000
B 77777 0000
B 77777 0000
B 77777 0000
B 77777 0000
B 77777 0000
B 77777 0000
L 77777 0000
L 77777 0000
D 77777 0000 12
T 66666 3228 77777 200
T 77777 0000 66666 202 
T 66666 8888 77777 200
T 77777 0000 66666 202 
T 66666 8888 77777 200
T 77777 0000 66666 202 
T 66666 8888 77777 200
T 77777 0000 66666 202 
T 66666 8888 77777 200
T 77777 0000 66666 202 
T 66666 8888 77777 200
T 77777 0000 66666 202 
T 66666 8888 77777 200
T 77777 0000 66666 202 
T 66666 8888 77777 200
T 77777 0000 66666 202 
T 66666 8888 77777 200
W 12347 0144 10
D 12347 0144 10
W 12347 0144 10
T 12347 0144 12347 2
